1020000001
1000000118
1020000756
1000000137
1000000321
1080165409
1000000124
1000000116
1000000133
1000000101
1010022217
1020000891
1010022243
1020000471
1020000739
1020001010
1020001022
1020000991
1020000958
1000000107
1000000105
1020000659
1000000161
1000000134
1020000035
1000000121
1000000158
1000000122
1000000106
1000000114
1000000160
1020000031
1000000104
1000000149
1020000688
1010022245
1010006898
1030000032
1020000940
1010030085
1010033688
1010031606
1010033870
1010034608
1010035668
1010045188
1010034001
1020001002
1080165615
1000000150
1000000117
1000000147
1020000775
1000000111
1000000140
1020000019
1020000441
1020000635
1020000661
1020000669
1000000132
1010000027
1000000103
1010034010
1030000023
1020000383
1010000171
1020000591
1010030009
1010034343
1020000926
1020000930
1010030738
1010034020
1010034200
1000000130
1020000989
1000000113
1000000127
1000000110
1010000023
1000000154
1000000153
1000000323
1000000120
1020000764
1020000773
1020000923
1020000986
1020000987
1020000995
1000000139
1000000142
1020000951
1010046240
1010045856
1010046232
1000000320
1000000136